-0.7732 -1.6495
-0.4184 -1.0047
-1.7442 -0.4061
-0.7738 -0.9218
-1.9915 -0.6066
-1.3625 -1.1908
-1.1358 -1.2346
-1.6274 -1.5992
-1.4108 -0.7786
-1.9192 -0.0523
-1.2322 -0.4045
-1.1714 -0.8321
-0.7156 -0.8501
-1.2459 -1.3272
-1.9689 -1.7229
-0.0915 -0.2690
-1.7475 -0.4595
-0.4721 -0.9655
-1.2478 -0.4139
-0.4505 -0.6474
-0.5942 -0.4614
-1.9196 -0.1755
-0.4975 -1.5330
-0.6129 -0.4774
-1.1903 -0.6581
-1.6476 -1.7129
-1.1232 -1.5776
-0.9528 -1.6082
-1.4829 -1.8216
-1.8047 -1.3248
-1.4593 -0.9225
-0.2641 -1.4366
-0.1838 -0.1331
-0.1029 -0.6917
-0.5278 -1.1196
-1.9596 -1.7483
-0.6540 -0.5143
-0.0317 -0.2066
-0.7766 -0.4493
-0.2641 -1.9587
-1.6238 -0.6701
-1.6067 -0.1268
-1.3134 -0.9687
-1.5532 -1.3565
-1.2915 -1.2530
-0.2653 -0.5387
-0.1081 -0.0634
-1.3318 -1.5638
-1.3519 -1.0077
-1.6959 -1.9519
1.3790 2.6593
2.1009 1.2778
2.0207 2.6173
1.3063 1.7038
1.6382 1.3781
1.2101 2.6148
2.7966 2.1787
1.0192 2.8791
1.3160 1.7175
2.0540 2.7201
1.3731 2.3752
2.9693 1.9184
2.3775 2.8926
1.0596 1.7733
2.5207 1.1117
1.3175 2.8950
2.9525 2.5246
1.2614 2.9436
2.8534 2.8274
2.7194 1.1384
2.1790 2.6464
1.6269 2.6955
1.0084 2.3520
1.1247 1.1414
1.2296 2.8467
2.3792 2.6951
2.0015 2.2948
1.4800 2.3667
2.9968 2.4582
1.5943 1.7745
2.6994 1.5878
2.7337 1.1156
1.0887 2.8580
1.4256 1.5510
2.7898 2.5449
1.0715 1.8058
2.8880 2.7261
2.6312 1.9768
1.9746 1.5842
1.1568 2.3068
1.8943 2.1694
2.2976 2.1874
2.2966 1.9591
1.5215 1.7270
2.8395 2.1016
1.8675 1.1935
1.8682 2.5189
1.3328 1.7507
2.4928 1.4698
1.7904 2.0294
